#! FIELDS height kappa mu_i mu_j mu_k
#! SET kerneltype gaussian
2.23500352921e-19 44.9116951247 -0.983616608467 0.180271559996 -0.000729523032115
2.59329347147e-15 35.3121991389 -0.216273904087 -0.328306007856 -0.919478528089
1.82225828842e-19 45.1204998358 0.550028051271 -0.835145538776 0.00103531541714
2.33040524995e-15 35.4221957719 -0.217506331549 -0.326762253186 0.919737693926
1.41897514416e-27 64.1431021208 -0.551916082607 -0.833899578546 0.000361470557926
1.37866048989e-28 66.510756861 0.551985894516 0.833853405879 -0.00026412077667
3.94166034728e-18 41.9741054564 0.342402076612 0.515905744516 -0.785240142063
3.66085298875e-18 42.0498133785 0.34125862379 0.517112982271 0.784943765665
3.73588191234e-20 46.7404508568 0.996884068614 0.0788783739595 0.000596544669497
3.58830699725e-20 46.7816350021 -0.316774928127 0.948500275277 -0.000934189207244
2.19236242777e-16 37.8521936598 -0.590929184458 0.390982950013 -0.705645117431
1.97869155403e-16 37.9575161652 -0.591896127239 0.392122971695 0.704200645859
2.2181156686e-16 37.8401983705 0.5909280635 -0.391058803948 0.705604021831
2.17505110825e-16 37.8603362873 0.591876776875 -0.392094691638 -0.704232656006
