#! FIELDS height mu sigma
#! SET kerneltype gaussian
2.04832096795 4.24533108132 0.194765511189
2.06080288331 4.24492079199 0.193585851239
2.06148228294 4.24493657194 0.193522051439
2.04811708653 4.24533870157 0.194784899274
3.49363328943 4.68691340653 0.114191229402
3.49354066162 4.68691458791 0.114194257071
2.14457684224 4.94864427154 0.186023775201
2.1328518519 4.94895456614 0.187046409269
2.1445269317 4.94866575273 0.186028104615
2.13301671724 4.94900677496 0.18703195206
1.30412777502 5.52282652344 0.30590735666
1.30366423834 5.52280678296 0.306016126445
1.30377626166 5.522575024 0.305989832866
1.30421522643 5.5227819388 0.305886844684
