#! FIELDS height kappa mu_w mu_i mu_j mu_k
#! SET kerneltype gaussian
3.21763714021e-15 39.4346615942 -0.000497105694876 0.589452158782 -0.389424718161 0.707738860229
2.94880195682e-15 39.5254049984 -0.000517141905697 0.5889106706 -0.390270823177 0.707723561283
2.95643926515e-15 39.5227148807 0.000530241978726 0.588904552323 -0.39026307686 0.707732914267
3.22235368539e-15 39.4331380765 0.000481652095427 0.589440108867 -0.389422496577 0.707750129092
5.74730033604e-14 36.4314668142 0.999999995574 -2.96982739944e-05 -7.77486338118e-05 4.38825290037e-05
5.74723529276e-14 36.4314786251 -0.999999995381 -3.12948511042e-05 -7.93093621963e-05 4.43625700194e-05
2.34929254762e-14 37.3645798711 5.74149908702e-05 0.589160948864 -0.38978973948 0.707780567714
2.02524535645e-14 37.5192916124 -4.47035491747e-05 0.589114483075 -0.389910171918 0.707752910038
2.38118747535e-14 37.3505221109 -7.10132533067e-05 0.589179054313 -0.389789663671 0.70776553675
2.04956738564e-14 37.5068489651 5.68532231681e-05 0.589090843514 -0.389900992173 0.707777642454
2.00967788192e-15 39.9240894798 -0.999999844139 -0.000279030651092 0.000208734222761 0.000436227224808
2.03171695623e-15 39.9127508495 -0.999999845918 0.000291622160287 -0.000159011932151 0.000444786194861
2.02389876763e-15 39.9167590156 0.999999848824 -0.000267056812822 0.000206166816713 0.000434198129531
2.00391826438e-15 39.9270731537 0.9999998422 0.000291059546847 -0.000164985791337 0.000451292320472
