!SWITCH_WIDTH: 
0.1
!CUTOFF: 
7.4
!GRID: 
4 4 4 0 0 0
!NCELLS: 
64
!DISTANCE_OPS: 
12.0479454442
2.79975834589
0
0.00146514901365
1.78874977322e-05
1.11536592534e-05
0
8.92716984732e-05
1.64049380727
5.26808051712e-13
0.000188533448687
2.28894221546
8.06664107388
3.01103658096
0.121996268292
1.34473416817
12.1150858836
5.62769586911
0.0055478711517
0.695118249731
0.748204370282
0.165557129781
1.42354040358
2.44567561256
2.03198095162
4.8230304728
3.67698726924
0.391179736972
0
0.799538452221
1.34626339289
0
0.0113947230911
7.65723213892e-06
0.0206397202219
0
0.158531306693
0.423598300496
3.83067003925
0
0.499971968658
6.81178662945e-09
3.23359502701
0.567817856661
2.14946754195
4.50594102074
2.24961192019
0
3.4966933354
0.142120090421
0
3.60129070356e-17
0
0
4.2212946707
0
2.63022609293
0.0807887067521
1.14330618964
0.000485714687747
0.162465475859
2.82633614544
0.207040526084
4.84748102714e-09
!BOND_ORIENTATION_OPS: 
0.372578182766
0.0865814741218
0
0.000325429492804
2.01919374897e-05
2.49838014524e-07
0
1.98284741707e-05
0.0077138713419
1.25381929573e-16
2.47321735725e-08
0.15793098327
1.17951047217
0.777951079656
0.0313013005384
0.0970579204469
0.226724589345
0.163179307993
0.00120013347064
0.000385327590458
0.0152637142381
0.0232872605066
7.11198743748e-05
0.000312141947752
0.0639332367027
0.0677337331256
0.00615234123155
0.0101296420686
0
0.0013032757621
0.00339491257974
0
0.000124095265411
7.82553987189e-12
0.010590239687
0
0.0157062309956
0.065648419085
0.024798563649
0
0.000118944468904
1.09794376682e-11
0.03379420314
0.0580371624438
0.000511363218802
0.00232498625767
0.0355823038046
0
0.00505517902699
0.026671356129
0
4.11978999693e-21
0
0
0.0524886314444
0
0.00341603748784
9.29415245144e-06
0.169451024182
4.89370167338e-07
0.000132963734633
0.669367343529
0.0496730915516
5.9412391978e-11
!RELATIVE_ORIENTATION_OPS: 
0.753316988997
0.175059352386
0
8.08490872253e-11
0.00308386331374
0.00190404957857
0
4.92614849745e-12
0.0131118887615
1.18109082039e-23
2.65313778923e-08
0.0427896214136
1.77268059019
1.47553644503
0.0593689508169
0.0323403132586
0.764014278733
8.0996404628
1.95140742057e-08
0.000316982799352
3.71722428268e-05
0.00127916896587
0.0461329551767
0.0597120187245
26.9222870575
0.538739866286
5.63439961807
2.05639210657
0
0.548686428593
1.56605635545
0
5.66194634883e-07
3.92679553723e-13
7.40565897368e-08
0
7.8666224619e-06
2.10016707559e-05
0.00809841253377
0
0.0404450865618
2.02721619183e-09
0.00579331881427
0.0435254486915
0.173880549802
0.0106505557547
0.00147980204563
0
0.178162900136
0.00740735851638
0
1.58305334445e-14
0
0
0.0033527985073
0
0.0209856390211
2.42062775836e-07
0.000910657328121
2.95125882604e-06
7.28692715747e-05
1.34410089291
0.101298980126
5.40910843696e-17
!INTERNAL_OPS: 
0 
0 
0 
0 
0 
0 
0 
0 
0 
0 
0 
0 
0 
0 
0 
0 
0 
0 
0 
0 
0 
0 
0 
0 
0 
0 
0 
0 
0 
0 
0 
0 
0 
0 
0 
0 
0 
0 
0 
0 
0 
0 
0 
0 
0 
0 
0 
0 
0 
0 
0 
0 
0 
0 
0 
0 
0 
0 
0 
0 
0 
0 
0 
0 
!LOCAL_DENSITIES: 
3.37728186644e-05
0.000354429235946
8.12794290393e-07
3.82153151026e-05
0.000313004977911
0.000494651981166
0
0.000337527096304
0.00066652013758
0.000827376859161
0.000378574886223
0.000711590491549
0.000702478651613
0.000234218960945
0.000489868548061
0.000347016129662
0.000116727031733
0.000608499579732
0.000398051863801
0.000586390315413
0.000469431255938
0.00105138747469
0.000469549224793
0.000571401161815
0.000595673210677
0.000946632683955
0.000808408698076
0.000307318052813
0.00018943191851
0.000405956432197
0.000516151927094
0.000339391297576
9.42350154173e-05
0.000407609832697
0.000126084702871
0.000143370607101
0.000493790183079
0.000477283318927
0.000535870384678
6.63196378658e-05
0.000398408761893
0.000632941669332
0.000822684770547
0.000608717719831
5.42690074656e-05
0.000417182718377
0.000600029048925
0.000363300342669
0.000601547813272
0.000454687214682
0.000294856477296
0.000546299819795
6.53958819724e-05
0.000452369564964
0.000243919675499
0.000274111538418
0.000381198429186
0.000500260887514
0.000798245571556
0.00104136623197
9.20150204853e-05
0.000724458708061
0.000641945380105
0.00084363204693
!TOTAL_OPS: 
0.00638963211072
0.00148485282508
0
6.48911655327e-13
0.00347862540277
4.25244634942e-05
0
3.95382752724e-14
0.0046610050316
1.02991790244e-24
1.31679632137e-11
0.00171518363404
0.0374121373783
0.422696720727
0.017007381061
0.00213156612681
0.00471354514487
0.0139013262579
5.74919385197e-12
2.22583648119e-05
1.85225934448e-09
0.000722036087896
4.39611204281e-07
1.87177147083e-05
0.0171252231096
0.0081978447122
0.00125592915492
0.00132174323616
0
7.28392792176e-05
0.000112381528555
0
7.31839773291e-12
2.92895391406e-14
5.32665157751e-12
0
2.79687728576e-09
1.20386246958e-08
5.69978592808e-06
0
4.01492479896e-06
2.67549140807e-12
0.000620421319102
0.00295547242712
1.72608687681e-05
0.000161912895
2.19528848894e-05
0
0.00107937385532
0.000969435632563
0
1.7937907361e-18
0
0
0.000750717333416
0
0.00121977392377
1.4555123952e-08
3.14770663354e-06
1.59702182296e-07
1.20699991516e-05
0.456174983905
0.0338065116054
2.73417702825e-21
