!SWITCH_WIDTH: 
0.1
!CUTOFF: 
7.4
!GRID: 
3 3 3 0 0 0
!NCELLS: 
27
!DISTANCE_OPS: 
0
3.32574113132
9.857855565
0.194841801626
14.8128292557
9.16229531481
1.61032777501
2.8955629855
0
0.627859729264
13.5632573101
8.10858933423
26.2785129167
36.4643801479
32.1217286588
7.77832796851
11.1701456505
0.483656065135
0.367848645794
0.00869815826071
0
3.34097936503
4.67042883038
0.0866884689395
0.00586454026821
0.463224224796
0.0489038998928
!BOND_ORIENTATION_OPS: 
0
0.694232632125
0.197423303972
0.00334380348245
1.22280068357
0.621539209997
0.0531302095057
0.0248523701925
0
0.0513201917824
1.81556051184
0.200439578186
2.74252933483
3.95368124061
3.31477851424
1.00404264186
1.30980596262
0.0299662551735
0.00336620392451
0.000344494802086
0
0.251700453168
0.0791409433356
0.000826203919235
4.21274100686e-05
0.00111145729186
1.97641624615e-05
!RELATIVE_ORIENTATION_OPS: 
0
33.5583889716
212.415436683
16.206155888
337.147657411
50.5929088297
0.490166723118
0.89359511947
0
0.0846868073536
623.704480637
1575.79619355
841.329612693
897.555166463
568.0693798
7.14935761044
66.3548489982
0.0333453198588
0.000834843507007
0.00022463702689
0
0.00756217715102
184.968057253
10.1342130858
0.00782156048746
1.65192767597
0.00182622225203
!INTERNAL_OPS: 
0 
0 
0 
0 
0 
0 
0 
0 
0 
0 
0 
0 
0 
0 
0 
0 
0 
0 
0 
0 
0 
0 
0 
0 
0 
0 
0 
!LOCAL_DENSITIES: 
0.000184302987761
0.000183360695849
0.000147880828463
0.000190803455942
0.000764034945393
0.000308238291391
0.000394856562677
0.000319422373386
0.000132535344467
0.000316047046463
0.000641466099242
0.00013669715674
0.000954311493294
0.00318009712402
0.000935558379948
0.000402855854122
0.000779800457644
0.000184372437509
0.00015542706611
0.000306542738836
0.000113248764885
0.000231701179716
0.000216104323286
0.000260027603601
8.75421573986e-05
0.000343593417941
0.000135699703498
!TOTAL_OPS: 
0
0.17745826986
0.0187386360174
0.0284931154662
30.3476471923
32.2295561705
0.1443063282
0.0981216787078
0
0.00460816130991
181.210385856
0.0708425709489
311.55646898
240.528343143
62.8002023096
1.41546919392
37.535705435
0.00538705708497
0.000519895461277
3.31259023544e-06
0
0.00219460098796
1.13880490064
0.013759922095
5.70021157541e-06
0.0272285330553
1.4282128227e-06
